max_depth,n_estimators,accuracy,macro_f1,macro_recall,f1_min,f1_max,f1_mean,f1_std,recall_min,recall_max,recall_mean,recall_std
5.0,50,0.4914875509280217,0.310298168863543,0.4211804686266366,0.0003889831332591384,0.8242555952973846,0.310298168863543,0.25310185237271543,0.01002227171492205,0.9157169008392174,0.4211804686266366,0.28732390558393145
5.0,100,0.502952165384035,0.3130373993838453,0.42256517946946975,0.0007404019947300799,0.8254829179607606,0.3130373993838453,0.25803146969936813,0.012256768921819818,0.9167914794474954,0.42256517946946975,0.29045824427500844
5.0,200,0.5102188018711332,0.31500696554128005,0.41811838269968427,0.000603062215918609,0.8259888887206891,0.31500696554128005,0.2603525864835275,0.01156429610137802,0.9171956351187505,0.41811838269968427,0.2909908576279456
10.0,50,0.5637048438207334,0.3757059570036929,0.48944917662820564,0.0008549618320610687,0.8267959586225588,0.3757059570036929,0.25909621383799364,0.0077951002227171495,0.8989260690197106,0.48944917662820564,0.25802951362199195
10.0,100,0.5667910064886073,0.3787566247130992,0.4875017288857414,0.0006632699207090958,0.8290559535685137,0.3787566247130992,0.26121613995192655,0.006124721603563474,0.8979765568725034,0.4875017288857414,0.2704788958007834
10.0,200,0.5701511996378452,0.38082356797990063,0.4880721622181135,0.0,0.829660044683292,0.38082356797990063,0.2618615725568985,0.0,0.8997446139741995,0.4880721622181135,0.2714495832712016
15.0,50,0.6060443639655952,0.4042949061964902,0.5071814625552175,0.0,0.8249392664573088,0.4042949061964902,0.2642586129976695,0.0,0.9116953703097375,0.5071814625552175,0.26821589521007805
15.0,100,0.61262290629244,0.40894332993468857,0.5126646516129455,0.0,0.826802717052769,0.40894332993468857,0.2656655247204266,0.0,0.9126448824569445,0.5126646516129455,0.270461300460796
15.0,200,0.6149563905236155,0.4108744094393582,0.5156072889311937,0.0,0.8276230152258677,0.4108744094393582,0.2661822812724442,0.0,0.9138890707877677,0.5156072889311937,0.2701391819679559
,50,0.62100558322016,0.41511786410195534,0.5104495419799384,0.0,0.8205780820314785,0.41511786410195534,0.26474135750514716,0.0,0.9183746971383668,0.5104495419799384,0.26625035410097586
,100,0.62998883355968,0.4223833950646699,0.5171174213418278,0.0,0.8231095509726488,0.4223833950646699,0.2659896103468047,0.0,0.9212887171763473,0.5171174213418278,0.2685384112826421
,200,0.6346346763241285,0.4255627557688203,0.5180191901836528,0.0,0.8232702016517349,0.4255627557688203,0.26697149583436774,0.0,0.9236788684434549,0.5180191901836528,0.2726654900967231
